证券代码：000709 股票简称：河钢股份 公告编号：2020-023
河钢股份有限公司
关于 2019 年年度报告的更正公告
本公司及董事会全体成员保证信息披露的内容真实、准确、完整，没有虚
假记载、误导性陈述或重大遗漏。
公司已于2020 年4 月 23日在《中国证券报》、《上海证券报》、《证券时报》
和巨潮资讯网（http://www.cninfo.com.cn）披露了《河钢股份有限公司 2019 年年
度报告》全文及摘要。事后经审核发现，因工作疏忽导致上述报告中部分财务数
据披露有误，现进行更正如下（更正的内容以加黑加粗字体表示）：
一、2019 年年度报告全文更正内容
1.“第四节 经营情况讨论与分析”之“二、主营业务分析”之“2、收入与
成本”之“（2）占公司营业收入或营业利润10%以上的行业、产品或地区情况”
更正前：
营业收入比上 营业成本比上 毛利率比上
营业收入 营业成本 毛利率
年同期增减 年同期增减 年同期增减
分行业
钢铁行业 114,696,903,767.55 99,876,261,339.62 12.92% -0.37% 1.02% -1.20%
分产品
板材 72,164,197,411.41 63,043,261,875.01 12.64% -4.73% -2.42% -2.07%
棒材及型材 20,772,856,034.84 17,708,542,929.11 14.75% 11.38% 10.12% 12.35%
分地区
华北地区 85,558,987,722.20 74,046,232,574.60 13.46% 5.02% 6.27% 12.04%
华东地区 21,592,195,969.71 18,967,497,041.70 12.16% 64.14% 66.68% 10.35%
中南地区 2,798,324,400.57 2,494,675,300.53 10.85% -76.88% -75.49% 7.28%
1
更正后：
营业收入比上 营业成本比上 毛利率比上
营业收入 营业成本 毛利率
年同期增减 年同期增减 年同期增减
分行业
钢铁行业 114,696,903,767.55 99,876,261,339.62 12.92% -0.37% 1.02% -1.20%
分产品
板材 72,164,197,411.41 63,043,261,875.01 12.64% -4.73% -2.42% -2.07%
棒材及型材 20,772,856,034.84 17,708,542,929.11 14.75% 11.38% 10.12% 0.97%
分地区
华北地区 85,558,987,722.20 73,930,508,411.22 13.59% 5.02% 6.10% -0.88%
华东地区 21,592,195,969.71 18,967,497,041.70 12.16% 64.14% 66.68% -1.33%
中南地区 2,798,324,400.57 2,494,675,300.53 10.85% -76.88% -75.49% -5.06%
2.“第十二节 财务报告”之“二、财务报表”之“7、合并所有者权益变动
表”之“上期（2018 年度）金额”
2
更正前：
2018年度
少数股东 所有者权益合
归属于母公司所有者权益
权益 计
项目
减：库 其他综 一般风 未分配利
其他权益工具 资本公积 专项储备 盈余公积 其他 小计
股本 存股 合收益 险准备 润
优先股 永续债 其他
10,618,607, 23,205,81 -59,876, 150,395,680 2,235,576,5 9,676,393, 45,826,911,51 1,832,203, 47,659,115,128.
一、上年期末余额
852.00 4,924.86 656.95 .66 79.49 132.09 2.15 616.37 52
加：会计政策
变更
前期差
错更正
同一控
制下企业合并
其他
10,618,607, 23,205,81 -59,876, 150,395,680 2,235,576,5 9,676,393, 45,826,911,51 1,832,203, 47,659,115,128.
二、本年期初余额
852.00 4,924.86 656.95 .66 79.49 132.09 2.15 616.37 52
三、本期增减变动
8,242,842, -24,260, 22,627,525. 184,251,339 2,121,626, 10,547,086,35 745,198,7 11,292,285,140.
金额（减少以“－”
148.85 765.83 37 .06 109.25 6.70 83.85 55
号填列）
（一）综合收益总 258,576,11 -24,260, 3,367,738, 3,602,053,578 754,965,2 4,357,018,825.9
额 1.11 765.83 233.51 .79 47.15 4
（二）所有者投入 7,984,266, 7,984,266,037 2,000,000. 7,986,266,037.7
3
和减少资本 037.74 .74 00 4
1．所有者投入的 2,000,000.
2,000,000.00
普通股 00
2．其他权益工具 7,984,266, 7,984,266,037 7,984,266,037.7
持有者投入资本 037.74 .74 4
3．股份支付计入
所有者权益的金
额
4．其他
184,251,339 -1,246,112 -1,061,860,78 -22,403,46 -1,084,264,250.
（三）利润分配
.06 ,124.26 5.20 5.72 92
184,251,339 -184,251,3
1．提取盈余公积
.06 39.06
2．提取一般风险 -1,061,860 -1,061,860,78 -22,403,46 -1,084,264,250.
准备 ,785.20 5.20 5.72 92
3．对所有者（或
股东）的分配
4．其他
（四）所有者权益
内部结转
1．资本公积转增
资本（或股本）
2．盈余公积转增
资本（或股本）
3．盈余公积弥补
4
亏损
4．设定受益计划
变动额结转留存
收益
5．其他综合收益
结转留存收益
6．其他
22,627,525. 5,235,427.
（五）专项储备 22,627,525.37 27,862,952.79
37 42
154,877,238 154,877,238.3 19,229,36
1．本期提取 174,106,602.33
.37 7 3.96
-132,249,71 -132,249,713. -13,993,93
2．本期使用 -146,243,649.54
3.00 00 6.54
5,401,575.
（六）其他 5,401,575.00
00
10,618,607, 8,242,842, 23,205,81 -84,137, 173,023,206 2,419,827,9 11,798,01 56,373,997,86 2,577,402, 58,951,400,269.
四、本期期末余额
852.00 148.85 4,924.86 422.78 .03 18.55 9,241.34 8.85 400.22 07
5
更正后：
2018年度
少数股东 所有者权益
归属于母公司所有者权益
权益 合计
项目
减：库 其他综 一般风 未分配利
其他权益工具 资本公积 专项储备 盈余公积 其他 小计
股本 存股 合收益 险准备 润
优先股 永续债 其他
10,618,607, 23,205,81 -59,876, 150,395,6 2,235,576,579 9,676,393, 45,826,911,51 1,832,203,47,659,115,12
一、上年期末余额
852.00 4,924.86 656.95 80.66 .49 132.09 2.15 616.37 8.52
加：会计政策
变更
前期差
错更正
同一控
制下企业合并
其他
10,618,607, 23,205,81 -59,876, 150,395,6 2,235,576,579 9,676,393, 45,826,911,51 1,832,203, 47,659,115,12
二、本年期初余额
852.00 4,924.86 656.95 80.66 .49 132.09 2.15 616.37 8.52
三、本期增减变动
8,242,842, -24,260, 22,627,52 184,251,339.0 2,121,626, 10,547,086,35 745,198,7 11,292,285,14
金额（减少以“－”
148.85 765.83 5.37 6 109.25 6.70 83.85 0.55
号填列）
（一）综合收益总 258,576,1 -24,260, 3,367,738, 3,602,053,578 754,965,2 4,357,018,825
额 11.11 765.83 233.51 .79 47.15 .94
（二）所有者投入 7,984,266, 7,984,266,037 2,000,000. 7,986,266,037
6
和减少资本 037.74 .74 00 .74
1．所有者投入的 2,000,000.
2,000,000.00
普通股 00
2．其他权益工具 7,984,266, 7,984,266,037 7,984,266,037
持有者投入资本 037.74 .74 .74
3．股份支付计入
所有者权益的金
额
4．其他
184,251,339.0 -1,246,112 -1,061,860,78 -22,403,46 -1,084,264,25
（三）利润分配
6 ,124.26 5.20 5.72 0.92
184,251,339.0 -184,251,3
1．提取盈余公积
6 39.06
2．提取一般风险
准备
3．对所有者（或 -1,061,86 -1,061,860,7 -22,403,4 -1,084,264,2
股东）的分配 0,785.20 85.20 65.72 50.92
4．其他
（四）所有者权益
内部结转
1．资本公积转增
资本（或股本）
2．盈余公积转增
资本（或股本）
3．盈余公积弥补
7
亏损
4．设定受益计划
变动额结转留存
收益
5．其他综合收益
结转留存收益
6．其他
22,627,52 5,235,427.
（五）专项储备 22,627,525.37 27,862,952.79
5.37 42
154,877,2 154,877,238.3 19,229,36 174,106,602.3
1．本期提取
38.37 7 3.96 3
-132,249,7 -132,249,713. -13,993,93 -146,243,649.
2．本期使用
13.00 00 6.54 54
5,401,575.
（六）其他 5,401,575.00
00
10,618,607, 8,242,842, 23,205,81 -84,137, 173,023,2 2,419,827,918 11,798,01 56,373,997,86 2,577,402, 58,951,400,26
四、本期期末余额
852.00 148.85 4,924.86 422.78 06.03 .55 9,241.34 8.85 400.22 9.07
3．“第十二节 财务报告”之“二、财务报表”之“8、母公司所有者权益变动表”之“本期（2019 年度）金额”
8
更正前：
2019年度
项目 其他权益工具 资本公积 减：库存股 其他综合收益 专项储备 盈余公积 未分配利润 其他 所有者权益合计
股本
优先股 永续债 其他
一、上年期末余
10,618,607,852.00 8,242,842,148.85 23,621,214,340.36 149,887,588.85 2,396,975,711.68 7,652,532,309.83 52,682,059,951.57
额
加：会计政
-150,075,000.00 15,007,500.00 135,067,500.00
策变更
前期
差错更正
其他
二、本年期初余
10,618,607,852.00 8,242,842,148.85 23,621,214,340.36 -150,075,000.00 149,887,588.85 2,411,983,211.68 7,787,599,809.83 52,682,059,951.57
额
三、本期增减变
动金额（减少以 16,981.13 841,813,527.83 11,063,679.65 152,276,881.22 -145,168,854.18 -823,624,840.01
“－”号填列）
（一）综合收益
453,800,000.00 949,603,770.70 1,403,403,770.70
总额
（二）所有者投
16,981.13 841,813,527.83 -841,796,546.70
入和减少资本
1．所有者投入
的普通股
2．其他权益工
具持有者投入
9
资本
3．股份支付计
入所有者权益
的金额
4．其他 841,813,527.83 -841,813,527.83
（三）利润分配 -453,800,000.00 140,340,377.07 -1,202,201,162.27 -1,515,660,785.20
1．提取盈余公
140,340,377.07 -140,340,377.07
积
2．对所有者（或
-453,800,000.00 -1,061,860,785.20 -1,515,660,785.20
股东）的分配
3．其他
（四）所有者权
益内部结转
1．资本公积转
增资本（或股
本）
2．盈余公积转
增资本（或股
本）
3．盈余公积弥
补亏损
4．设定受益计
划变动额结转
留存收益
5．其他综合收
10
益结转留存收
益
6．其他
（五）专项储备 -2,997,005.40 -2,997,005.40
1．本期提取 94,424,552.63 94,424,552.63
2．本期使用 -97,421,558.03 -97,421,558.03
（六）其他 14,060,685.05 11,936,504.15 107,428,537.39 133,425,726.59
四、本期期末余
10,618,607,852.00 8,242,859,129.98 23,621,214,340.36 841,813,527.83 -150,075,000.00 160,951,268.50 2,564,260,092.90 7,642,430,955.65 51,858,435,111.56
额
更正后：
2019年度
项目 其他权益工具 资本公积 减：库存股 其他综合收益 专项储备 盈余公积 未分配利润 其他 所有者权益合计
股本
优先股 永续债 其他
一、上年期末余
10,618,607,852.00 8,242,842,148.85 23,621,214,340.36 149,887,588.85 2,396,975,711.68 7,652,532,309.83 52,682,059,951.57
额
加：会计政
-150,075,000.00 15,007,500.00 135,067,500.00
策变更
前期
差错更正
其他
二、本年期初余
10,618,607,852.00 8,242,842,148.85 23,621,214,340.36 -150,075,000.00 149,887,588.85 2,411,983,211.68 7,787,599,809.83 52,682,059,951.57
额
三、本期增减变 16,981.13 841,813,527.83 11,063,679.65 152,276,881.22 -145,168,854.18 -823,624,840.01
11
动金额（减少以
“－”号填列）
（一）综合收益
453,800,000.00 949,603,770.70 1,403,403,770.70
总额
（二）所有者投
16,981.13 841,813,527.83 -841,796,546.70
入和减少资本
1．所有者投入
的普通股
2．其他权益工
具持有者投入 16,981.13 16,981.13
资本
3．股份支付计
入所有者权益
的金额
4．其他 841,813,527.83 -841,813,527.83
（三）利润分配 -453,800,000.00 140,340,377.07 -1,202,201,162.27 -1,515,660,785.20
1．提取盈余公
140,340,377.07 -140,340,377.07
积
2．对所有者（或
-453,800,000.00 -1,061,860,785.20 -1,515,660,785.20
股东）的分配
3．其他
（四）所有者权
益内部结转
1．资本公积转
增资本（或股
12
本）
2．盈余公积转
增资本（或股
本）
3．盈余公积弥
补亏损
4．设定受益计
划变动额结转
留存收益
5．其他综合收
益结转留存收
益
6．其他
（五）专项储备 -2,997,005.40 -2,997,005.40
1．本期提取 94,424,552.63 94,424,552.63
2．本期使用 -97,421,558.03 -97,421,558.03
（六）其他 14,060,685.05 11,936,504.15 107,428,537.39 133,425,726.59
四、本期期末余
10,618,607,852.00 8,242,859,129.98 23,621,214,340.36 841,813,527.83 -150,075,000.00 160,951,268.50 2,564,260,092.90 7,642,430,955.65 51,858,435,111.56
额
13
二、2019 年年度报告摘要更正内容
1. “第三节 经营情况讨论与分析”之“3、占公司主营业务收入或主营业务利润 10%
以上的产品情况”
更正前：
营业收入比上 营业利润比上 毛利率比上年
产品名称 营业收入 营业利润 毛利率
年同期增减 年同期增减 同期增减
板材 72,164,197,411.41 63,043,261,875.01 12.64% -4.73% -2.42% -2.07%
棒材及型材 20,772,856,034.84 17,708,542,929.11 14.75% 11.38% 10.12% 12.35%
更正后：
营业收入比上 营业利润比上 毛利率比上年
产品名称 营业收入 营业利润 毛利率
年同期增减 年同期增减 同期增减
板材 72,164,197,411.41 9,120,935,536.40 12.64% -4.73% -2.42% -2.07%
棒材及型材 20,772,856,034.84 3,064,313,105.73 14.75% 11.38% 10.12% 0.97%
除上述更正内容外，公司 2019 年年度报告全文和摘要的其他内容不变。更新后的
2019 年年度报告全文和摘要同日披露于巨潮资讯网（http://www.cninfo.com.cn）。
上述更正均系填列错误所致，不涉及公司2019 年度财务报表的更正，对公司 2019
年度财务状况、经营成果和现金流量没有影响。
公司对上述更正给投资者带来的不便致以诚挚的歉意，今后公司将进一步加强定期
报告编制中的审核工作，不断提高信息披露质量，恳请广大投资者谅解。
特此公告。
河钢股份有限公司董事会
2020 年 4月 30 日
14